11 7 10 7 3 6
11 7 8 5 6 3
7 3 3 4 1 2
14 10 21 7 6 7
6 6 4 3 3 3
6 13 5 4 3 4
1 4 2 2 2 1
0 1 1 0 0 0
4 3 6 2 1 0
2 1 4 1 1 0
2 0 2 3 3 0
32 32 18 19 21 17
2 1 1 2 2 1
7 9 9 4 0 4
6 5 10 5 4 4
6 7 6 5 4 0
4 9 5 3 1 1
5 3 5 0 1 4
4 4 2 9 5 2
5 9 9 1 3 4
7 4 7 3 3 1
6 2 3 4 3 3
3 3 2 1 4 0
2 4 1 3 0 3
28 16 20 7 2 7
3 2 3 2 0 1
10 9 4 2 5 2
26 27 29 14 13 12
3 2 5 2 3 2
12 8 19 5 10 6
6 3 7 3 3 3
5 4 7 6 2 1
6 5 8 0 4 2
2 2 1 0 0 1
0 2 1 1 2 2
6 7 4 1 0 3
6 0 2 2 2 0
5 7 6 1 2 2
2 2 3 1 1 2
11 7 7 3 4 2
11 8 29 4 2 3
0 0 1 0 0 0
2 3 5 3 2 1
2 1 2 0 2 3
0 2 3 1 2 1
15 10 11 4 5 2
3 1 4 1 1 0
47 44 71 15 18 17
18 12 15 10 14 6
11 8 29 4 2 3
0 0 1 0 0 0
2 3 5 3 2 1
2 1 2 0 2 3
0 2 3 1 2 1
15 10 11 4 5 2
3 1 4 1 1 0
47 44 71 15 18 17
18 12 15 10 14 6
6 12 0 1 4 2
2 2 2 1 2 2
4 3 6 3 0 4
11 19 9 5 7 7
5 9 7 2 1 2
7 6 9 1 3 4
9 14 3 4 4 3
4 3 6 3 0 4
11 19 9 5 7 7
5 9 7 2 1 2
7 6 9 1 3 4
29 24 33 10 21 5
4 5 2 1 3 3
11 10 4 5 1 11
7 7 17 2 4 5
39 35 16 10 3 3
33 27 17 17 9 12
16 11 8 10 6 5
3 6 0 3 0 1
1 4 3 3 0 1
6 7 13 4 5 3
4 4 4 7 2 0
3 6 0 3 0 1
1 4 3 3 0 1
6 7 13 4 5 3
4 4 4 7 2 0
4 13 4 9 6 3
3 11 5 2 3 1
53 32 29 17 15 14
14 10 10 2 4 5
7 5 3 0 4 1
14 15 9 6 0 4
2 0 2 0 0 0
0 1 0 2 2 2
2 7 6 1 1 0
4 5 2 0 2 1
4 1 3 2 1 0
2 2 2 4 4 2
9 4 3 2 1 3
5 3 2 1 1 1
2 3 0 6 1 4
4 3 6 1 1 0
1 2 2 0 1 0
4 3 1 0 1 0
6 6 6 5 2 5
14 15 9 6 0 4
2 0 2 0 0 0
0 1 0 2 2 2
2 7 6 1 1 0
4 5 2 0 2 1
4 1 3 2 1 0
2 2 2 4 4 2
9 4 3 2 1 3
5 3 2 1 1 1
2 3 0 6 1 4
4 3 6 1 1 0
1 2 2 0 1 0
4 3 1 0 1 0
6 6 6 5 2 5
14 15 9 6 0 4
2 0 2 0 0 0
0 1 0 2 2 2
2 7 6 1 1 0
4 5 2 0 2 1
4 1 3 2 1 0
2 2 2 4 4 3
9 4 3 2 1 3
5 3 2 1 1 1
2 3 0 6 1 4
4 3 6 1 1 0
1 2 2 0 1 0
4 3 1 0 1 0
6 6 6 5 2 5
4 6 0 0 0 0
21 19 19 10 8 10
4 4 2 3 0 2
4 2 7 0 0 2
13 8 11 6 3 1
5 2 2 1 0 1
13 8 9 4 1 2
18 11 18 7 4 5
3 3 4 3 1 3
2 4 3 1 0 2
2 4 5 2 2 3
25 15 17 13 15 7
50 39 49 18 23 12
1 3 0 3 3 3
5 6 8 3 5 4
5 4 3 1 2 2
43 31 36 20 19 9
26 27 16 14 14 10
10 23 11 7 5 6
22 27 16 14 13 10
5 2 6 1 4 3
2 1 4 0 0 1
13 9 13 5 8 5
17 22 12 8 13 3
14 7 6 7 6 3
15 14 11 4 6 6
4 1 7 3 1 0
28 18 25 13 10 14
28 26 22 11 14 6
6 8 10 6 3 6
6 7 3 5 3 3
36 30 33 17 12 17
12 13 4 8 2 3
9 5 6 2 2 2
11 14 9 7 4 2
47 33 26 14 16 10
27 18 32 15 17 9
8 6 5 3 1 2
17 24 18 14 12 12
3 1 1 0 1 1
4 1 2 0 0 1
5 6 8 1 1 1
4 4 1 0 0 2
15 23 14 6 4 2
2 4 4 0 1 1
1 2 2 2 1 1
0 2 1 1 1 1
20 18 23 7 14 7
6 4 4 0 2 2
16 18 19 4 10 9
1 2 1 0 5 1
4 5 1 4 1 2
14 8 10 6 4 5
6 2 1 1 2 1
0 1 8 2 1 3
4 6 1 5 3 2
1 3 7 4 1 3
7 7 8 6 2 2
7 5 6 6 2 3
6 4 6 1 4 2
3 2 4 1 3 2
99 70 73 41 31 31
6 4 3 5 0 1
24 25 20 10 8 10
11 10 7 5 2 5
8 8 15 6 2 7
1 2 4 3 4 3
11 7 5 1 5 0
18 22 12 8 10 8
20 29 17 10 9 4
7 5 7 1 2 1
24 15 25 16 16 12
3 3 4 0 2 0
16 16 11 9 4 6
16 14 12 11 7 2
5 7 4 3 2 2
2 3 4 1 3 0
8 10 17 3 9 0
5 5 11 3 1 3
9 11 6 4 6 4
2 3 2 3 3 1
3 3 2 2 2 3
3 2 6 2 2 0
3 2 2 0 0 0
3 1 5 0 1 1
2 1 0 2 1 0
7 5 3 3 4 4
8 3 2 1 1 1
1 4 1 2 3 1
9 12 6 6 7 1
4 2 5 1 1 0
0 1 0 1 1 1
4 3 4 1 0 1
