33 22 17 9 3 4
28 18 11 9 5 2
4 8 6 1 5 3
39 13 33 14 8 6
15 15 10 4 2 3
59 36 14 9 11 7
8 5 1 3 1 0
5 2 6 2 1 1
9 8 4 6 0 2
1 2 0 0 0 0
12 7 2 6 1 0
134 93 51 33 23 13
9 6 6 1 2 3
20 18 9 7 1 4
45 28 18 11 4 5
21 8 8 5 5 4
13 6 9 3 4 1
9 9 6 2 2 4
9 11 5 5 1 1
20 14 7 8 6 5
11 6 4 6 3 0
13 12 6 4 4 7
13 10 3 6 3 5
6 3 9 3 1 2
57 40 27 15 8 11
9 3 4 2 4 0
12 12 6 4 8 1
72 46 32 18 13 16
19 7 3 4 3 1
49 35 19 7 5 9
25 12 9 12 4 2
14 10 3 1 1 0
10 8 7 3 1 2
1 3 0 0 0 3
11 5 7 1 1 1
3 4 4 4 3 1
2 2 3 2 1 1
13 9 6 1 2 1
12 4 4 4 1 1
16 13 6 4 1 5
8 8 4 3 3 3
0 0 0 0 0 0
16 14 7 4 4 3
12 10 7 7 0 0
10 8 1 2 0 1
31 10 6 4 3 2
18 5 6 0 1 1
115 71 44 32 19 12
80 46 26 15 11 10
8 8 4 3 3 3
0 0 0 0 0 0
16 14 7 4 4 3
12 10 7 7 0 0
10 8 1 2 0 1
31 10 6 4 3 2
18 5 6 0 1 1
115 71 44 32 19 12
80 46 26 15 11 10
26 22 6 9 1 3
8 5 2 0 1 1
3 1 3 1 2 2
37 27 18 4 13 9
10 6 8 1 3 2
37 21 14 9 7 3
52 38 12 15 5 6
3 1 3 1 2 2
37 27 18 4 13 9
10 6 8 1 3 2
37 21 14 9 7 3
70 30 19 11 12 5
10 6 1 1 2 3
34 22 10 7 5 6
22 20 9 7 1 5
15 7 9 5 6 2
46 39 22 19 9 16
44 37 18 13 15 4
5 1 2 0 1 1
6 4 4 1 1 3
14 7 4 4 4 1
11 10 13 8 1 2
5 1 2 0 1 1
6 4 4 1 1 3
14 7 4 4 4 1
11 10 13 8 1 2
30 15 10 10 5 6
13 16 9 6 2 1
82 56 47 31 21 16
52 39 8 11 5 4
13 4 4 3 2 5
39 22 16 8 8 2
14 5 3 5 0 0
9 3 2 3 1 1
6 7 7 1 4 3
9 1 1 1 2 0
4 4 1 0 1 0
5 5 6 0 3 0
7 3 3 3 3 1
13 11 10 0 4 1
14 5 3 4 2 2
23 8 3 3 1 1
12 5 2 1 1 0
5 3 2 0 2 1
50 28 14 11 4 3
39 22 16 8 8 2
14 5 3 5 0 0
9 3 2 3 1 1
6 7 7 1 4 3
9 1 1 1 2 0
4 4 1 0 1 0
5 5 6 0 3 0
7 3 3 3 3 1
13 11 10 0 4 1
14 5 3 4 2 2
23 8 3 3 1 1
12 5 2 1 1 0
5 3 2 1 3 1
50 28 14 11 4 3
39 22 16 8 8 2
14 5 3 5 0 0
9 3 2 3 1 1
6 7 7 1 4 3
9 1 1 1 2 0
4 4 1 0 1 0
5 5 6 0 3 1
7 3 3 3 3 1
13 11 10 0 4 1
14 5 3 4 2 2
23 8 3 3 1 1
12 5 2 1 1 0
5 3 2 0 2 1
50 28 14 11 4 3
3 3 2 1 0 1
59 43 30 21 12 9
20 15 2 3 4 1
20 13 10 8 3 3
29 31 13 7 2 0
9 5 4 1 1 2
5 3 5 3 2 3
18 14 16 10 7 4
31 16 12 10 2 3
7 0 0 0 2 2
13 10 3 3 3 0
54 25 19 4 9 4
59 35 27 17 13 8
19 7 9 1 2 0
19 14 7 4 7 2
14 8 3 2 3 3
80 41 30 18 17 10
33 26 17 17 8 11
34 22 12 9 6 2
55 26 23 12 9 9
16 13 4 7 1 2
14 11 3 3 1 0
27 14 14 7 7 4
17 7 7 10 8 6
18 5 5 4 4 4
21 22 14 12 8 3
9 5 4 4 1 0
81 57 36 30 15 14
67 39 30 17 12 17
31 26 12 12 15 9
22 20 6 6 0 2
68 52 20 23 21 8
35 18 9 5 7 4
16 6 7 3 4 2
32 29 7 6 6 5
83 49 34 25 18 10
57 39 28 18 15 12
16 4 10 1 2 2
93 58 30 30 22 9
16 11 2 0 0 0
5 0 1 1 3 1
3 5 6 2 1 1
9 5 1 1 2 0
20 12 11 2 4 3
7 5 3 3 0 1
17 12 4 2 3 1
4 2 1 1 2 0
44 34 14 19 8 7
15 9 7 2 2 2
67 43 20 7 11 10
6 4 2 1 0 1
2 5 1 2 4 1
28 21 12 9 3 2
5 4 0 3 3 1
16 6 5 9 1 3
4 6 5 0 3 2
9 14 8 4 1 2
13 8 7 6 4 3
11 5 8 7 2 0
12 8 1 3 3 2
13 7 5 5 1 1
224 134 95 80 37 24
26 12 5 12 4 3
59 43 21 22 13 15
17 11 4 7 3 3
29 17 9 4 6 4
9 6 5 3 0 6
32 32 8 3 8 3
28 23 13 10 8 4
44 25 8 12 6 7
12 5 1 1 3 2
105 67 44 28 11 14
18 13 9 2 1 2
14 10 7 1 3 1
13 11 9 4 7 4
12 8 5 7 2 1
8 7 10 3 2 1
18 25 10 7 1 2
20 18 9 6 2 5
40 36 22 16 7 5
19 1 4 1 3 3
11 3 5 0 1 1
2 0 1 0 0 1
7 6 1 1 0 2
4 3 1 1 2 1
2 5 1 1 2 0
11 13 2 1 2 3
7 5 2 2 1 0
4 4 1 3 1 1
31 14 8 9 7 3
8 2 4 2 3 0
11 5 5 2 1 2
38 25 15 6 3 7
