16 7 5 9 5 5
21 13 13 3 5 3
7 11 6 3 1 3
31 17 17 12 4 6
13 6 8 2 2 3
58 43 22 12 5 4
7 5 6 2 5 1
1 1 0 2 1 1
9 7 5 2 2 0
6 9 2 0 2 1
15 9 7 1 1 3
132 78 56 27 17 18
13 5 3 2 3 2
20 17 10 3 5 3
26 22 17 10 6 6
11 8 12 5 4 3
17 5 16 1 3 2
13 4 3 2 4 2
12 7 8 5 2 3
15 12 16 6 4 1
14 6 7 3 7 1
9 10 9 4 1 6
20 11 3 7 2 3
9 12 4 4 0 0
49 41 22 19 8 3
14 7 5 1 2 0
19 14 8 6 5 1
95 50 42 19 19 7
22 9 7 2 0 2
27 7 6 5 5 6
35 17 12 4 4 4
16 8 5 4 3 0
5 6 7 4 2 1
3 1 0 1 1 1
3 2 1 1 2 0
10 12 10 1 1 0
8 4 3 3 0 2
6 8 8 2 4 1
5 4 2 3 4 1
46 23 19 3 2 2
61 36 9 9 5 3
6 1 1 2 1 0
28 12 7 4 2 0
7 3 0 0 2 3
4 3 2 0 2 0
21 11 9 4 3 5
4 4 2 1 2 2
58 52 47 19 29 24
71 52 32 13 9 7
61 36 9 9 5 3
6 1 1 2 1 0
28 12 7 4 2 0
7 3 0 0 2 3
4 3 2 0 2 0
21 11 9 4 3 5
4 4 2 1 2 2
58 52 47 19 29 24
71 52 32 13 9 7
20 21 15 9 5 4
5 1 4 2 3 0
23 7 7 2 3 3
42 33 13 14 3 12
21 6 8 1 3 2
33 25 16 9 5 4
42 39 25 13 9 7
23 7 7 2 3 3
42 33 13 14 3 12
21 6 8 1 3 2
33 25 16 9 5 4
92 58 28 15 8 9
4 7 3 2 1 2
25 14 11 7 5 2
27 30 11 8 1 2
41 23 13 13 6 5
63 56 32 27 11 12
65 27 18 9 6 6
9 7 1 1 0 1
4 5 4 1 1 1
6 4 25 3 2 5
45 25 10 9 3 1
9 7 1 1 0 1
4 5 4 1 1 1
6 4 25 3 2 5
45 25 10 9 3 1
38 20 13 8 7 5
7 3 3 0 1 1
76 39 39 22 20 13
23 10 11 6 8 4
27 11 7 4 3 3
12 6 5 4 4 1
4 4 3 0 2 3
6 8 2 1 3 1
5 5 3 2 0 2
10 4 4 1 1 2
5 1 3 1 0 3
14 14 8 2 1 1
5 6 2 2 0 0
9 2 8 4 1 1
8 10 0 5 0 1
7 5 3 1 3 1
0 2 2 2 1 2
6 3 4 1 3 1
21 17 13 10 2 11
12 6 5 4 4 1
4 4 3 0 2 3
6 8 2 1 3 1
5 5 3 2 0 2
10 4 4 1 1 2
5 1 3 1 0 3
14 14 8 2 1 1
5 6 2 2 0 0
9 2 8 4 1 1
8 10 0 5 0 1
7 5 3 1 3 1
0 2 2 2 1 2
7 5 5 1 3 1
21 17 13 10 2 11
12 6 5 4 4 1
4 4 3 0 2 3
6 8 2 1 3 1
5 5 3 2 0 2
10 4 4 1 1 2
5 1 3 1 0 3
14 15 8 3 1 1
5 6 2 2 0 0
9 2 8 4 1 1
8 10 0 5 0 1
7 5 3 1 3 1
0 2 2 2 1 2
6 3 4 1 3 1
21 17 13 10 2 11
2 5 6 2 0 2
54 40 31 17 7 10
10 5 4 1 2 1
12 5 9 2 4 2
28 13 11 12 4 4
4 2 4 3 1 1
5 8 5 1 1 2
13 5 4 4 5 2
36 16 10 3 5 3
6 6 0 3 4 1
9 9 6 4 2 1
37 21 20 11 5 5
81 39 24 16 10 17
16 6 5 3 3 3
32 15 14 4 5 3
16 8 5 1 0 2
98 40 43 31 23 12
46 27 16 19 21 9
27 13 12 6 4 4
69 35 29 11 12 7
15 12 3 5 5 4
3 7 3 1 0 3
49 23 12 9 8 7
18 14 16 7 5 6
21 15 20 5 0 7
31 24 22 15 6 3
13 7 5 5 1 4
100 62 42 22 27 18
62 33 20 17 17 17
33 15 12 12 5 6
16 8 3 3 1 0
89 55 40 28 14 10
36 29 12 10 8 1
14 7 6 2 4 1
41 24 17 13 3 2
83 52 21 32 12 14
39 20 22 27 14 8
12 5 4 8 5 1
88 66 35 22 20 11
0 1 0 1 0 0
8 5 2 1 0 3
6 6 1 4 2 0
4 6 0 1 1 1
18 11 10 9 7 4
3 6 2 1 1 1
15 7 7 2 0 3
5 2 2 0 1 0
37 19 19 12 6 8
13 9 10 5 4 1
32 17 19 13 12 3
9 5 2 0 2 0
14 8 3 3 2 2
26 21 19 7 9 7
11 6 5 3 1 2
11 9 5 2 2 1
10 6 7 2 3 2
9 10 6 2 4 3
8 18 8 8 4 3
9 2 7 2 4 3
6 2 8 2 1 0
4 7 2 0 2 0
111 85 67 43 29 27
54 15 13 2 7 5
98 51 43 20 13 10
20 19 9 5 6 2
27 21 17 3 7 4
10 12 7 3 2 0
10 11 3 7 3 1
32 22 11 13 8 5
26 22 15 8 8 6
2 6 2 2 1 3
59 29 17 12 6 16
6 3 2 2 1 2
11 13 11 8 9 3
17 15 15 4 5 5
9 6 3 3 0 3
1 2 2 2 1 0
18 22 7 4 4 1
14 11 14 6 2 2
50 40 30 16 9 5
14 8 2 3 3 2
2 0 0 1 1 3
2 3 2 0 0 1
0 0 2 0 0 2
1 0 3 0 1 1
0 1 0 0 0 0
10 5 3 1 0 3
5 7 2 1 0 1
8 7 6 2 1 0
38 31 14 8 6 2
5 6 0 3 0 0
6 4 1 4 1 1
37 17 16 9 4 2
