16 17 13 5 3 4
23 13 8 4 6 7
5 6 5 0 3 4
17 13 12 11 3 9
4 5 7 1 5 2
19 20 15 8 15 6
9 7 3 0 2 2
3 4 4 3 0 1
1 0 0 0 1 1
2 1 3 1 0 2
2 3 3 5 2 2
91 71 40 38 19 26
9 8 6 3 2 1
4 5 4 6 4 2
22 22 16 12 7 11
17 20 14 1 4 5
14 9 11 2 2 3
8 6 4 4 1 2
11 8 9 4 8 2
14 12 5 8 6 2
10 4 3 6 7 1
12 11 13 6 4 5
9 10 7 5 1 2
6 0 2 1 1 1
45 28 30 9 7 11
5 3 2 5 5 0
5 12 4 2 3 4
55 51 38 19 18 15
14 7 5 4 3 5
25 30 17 12 3 12
12 19 11 7 5 3
3 1 1 1 2 1
3 7 7 2 3 1
2 2 0 0 1 0
4 2 3 3 0 0
2 3 5 1 1 2
4 4 1 2 1 4
2 4 6 0 1 2
2 4 5 2 1 1
6 3 7 1 1 2
10 6 4 4 3 3
5 2 1 1 2 0
10 6 5 2 7 0
7 10 6 5 3 0
2 0 2 1 3 1
11 4 6 4 3 5
3 3 1 1 2 1
37 37 40 21 9 20
23 24 16 20 13 9
10 6 4 4 3 3
5 2 1 1 2 0
10 6 5 2 7 0
7 10 6 5 3 0
2 0 2 1 3 1
11 4 6 4 3 5
3 3 1 1 2 1
37 37 40 21 9 20
23 24 16 20 13 9
17 16 10 7 3 5
5 1 1 1 1 1
5 4 4 7 3 2
19 12 11 5 5 5
13 5 6 1 3 0
15 10 5 6 5 7
21 19 15 12 6 7
5 4 4 7 3 2
19 12 11 5 5 5
13 5 6 1 3 0
15 10 5 6 5 7
11 15 16 5 12 9
9 7 4 1 1 2
19 12 12 13 3 5
3 6 7 3 5 2
12 3 7 5 6 3
48 36 42 17 14 17
19 19 25 16 9 7
0 1 1 1 2 0
5 4 5 3 3 0
17 18 20 4 5 4
13 8 11 8 4 5
0 1 1 1 2 0
5 4 5 3 3 0
17 18 20 4 5 4
13 8 11 8 4 5
15 13 6 13 8 2
7 7 10 4 4 1
56 50 32 24 19 15
28 24 16 13 7 11
9 6 5 2 2 0
20 18 23 2 6 6
1 3 1 0 0 1
4 5 1 1 1 2
9 8 5 1 0 2
6 1 1 3 3 3
3 2 3 3 0 1
8 5 9 1 3 2
3 5 2 2 3 1
4 3 12 3 1 4
2 6 3 4 3 3
3 5 3 2 4 2
3 3 2 2 1 1
6 8 2 2 1 0
10 5 13 3 2 2
20 18 23 2 6 6
1 3 1 0 0 1
4 5 1 1 1 2
9 8 5 1 0 2
6 1 1 3 3 3
3 2 3 3 0 1
8 5 9 1 3 2
3 5 2 2 3 1
4 3 12 3 1 4
2 6 3 4 3 3
3 5 3 2 4 2
3 3 2 2 1 1
7 9 2 3 2 0
10 5 13 3 2 2
20 18 23 2 6 6
1 3 1 0 0 1
4 5 1 1 1 2
9 8 5 1 0 2
6 1 1 3 3 3
3 2 3 3 0 1
8 6 9 2 3 2
3 5 2 2 3 1
4 3 12 3 1 4
2 6 3 4 3 3
3 5 3 2 4 2
3 3 2 2 1 1
6 8 2 2 1 0
10 5 13 3 2 2
1 4 4 1 0 1
29 40 35 13 16 12
11 6 3 0 2 1
11 10 11 3 4 2
22 11 16 7 6 4
3 4 4 0 0 2
2 0 8 1 1 2
21 2 10 5 5 3
15 11 10 9 12 4
3 1 1 1 3 2
7 3 1 0 2 4
13 6 9 8 8 2
71 46 34 19 16 18
8 6 4 2 4 3
13 11 10 6 5 7
6 6 5 5 3 2
65 45 30 28 21 15
55 40 26 20 10 13
17 17 13 2 8 9
33 36 26 8 12 14
15 14 9 3 3 4
3 3 9 0 1 2
7 14 10 8 7 3
23 15 10 10 10 11
13 5 9 5 5 4
17 10 17 9 4 7
12 5 5 6 2 3
60 51 44 22 16 24
44 23 25 10 15 7
24 23 22 11 10 6
4 12 5 5 2 3
41 24 27 18 14 15
17 8 10 9 8 8
10 1 4 1 1 4
13 7 9 5 5 5
67 33 41 20 16 10
43 23 29 19 19 13
7 7 9 0 2 3
54 37 31 22 18 14
4 3 5 2 1 0
5 2 3 0 1 2
7 2 2 2 1 1
5 5 3 1 1 2
16 14 18 7 6 4
4 2 2 1 1 3
7 2 7 1 6 1
2 3 0 1 0 0
35 23 26 11 13 4
7 10 7 1 3 1
22 17 27 15 5 11
1 0 3 1 2 3
8 3 6 0 1 2
12 9 15 6 2 7
7 3 3 1 3 3
5 1 9 5 0 2
5 4 4 3 0 1
8 5 3 0 2 5
10 8 7 4 5 0
5 5 4 4 2 2
5 4 6 4 2 2
3 6 3 0 2 2
95 69 98 33 29 31
15 10 5 4 5 3
32 16 23 18 15 10
6 3 5 7 2 4
14 13 10 7 1 4
5 2 2 1 2 0
8 15 12 4 6 1
19 20 17 9 9 5
12 27 11 7 6 6
1 2 3 2 0 2
38 42 37 25 13 14
6 6 7 2 2 4
24 11 13 5 4 2
19 4 6 7 3 2
10 10 4 0 6 5
1 3 11 1 1 3
11 21 10 5 3 1
9 9 9 3 4 5
20 11 21 10 7 5
4 6 4 1 2 2
3 3 0 0 1 0
4 2 4 0 0 0
5 6 1 0 1 1
2 0 0 0 0 2
4 4 0 1 3 1
4 2 6 2 2 1
3 3 6 1 0 1
4 3 4 2 1 0
12 11 8 7 4 5
0 1 6 1 0 1
7 6 8 2 5 2
17 13 15 4 6 1
