0 0 0 0 0 0
6 1 2 2 2 1
11 20 5 11 5 4
7 5 2 4 1 0
5 8 2 2 1 1
15 6 7 4 3 3
0 0 0 0 0 0
0 0 0 0 0 0
8 5 5 3 0 1
3 0 1 0 0 0
26 12 8 4 5 3
9 4 5 4 2 2
0 0 0 0 0 0
0 0 0 0 0 0
9 3 2 2 2 0
3 2 4 2 0 0
6 3 1 3 0 0
14 7 3 2 2 1
7 5 5 1 0 1
12 2 2 3 0 1
3 5 4 1 1 1
10 5 6 1 1 3
3 2 4 1 0 1
2 4 1 1 2 0
8 5 7 2 1 0
5 3 5 2 3 1
6 6 0 3 1 1
21 20 12 6 4 4
13 6 2 4 1 0
3 10 4 2 0 1
12 6 3 0 0 1
9 0 3 4 3 2
12 5 2 2 1 0
0 0 0 0 0 0
0 0 0 0 0 0
25 17 13 11 6 4
8 6 4 2 3 0
4 3 7 0 1 0
11 6 4 2 2 1
3 5 7 0 1 2
14 1 3 1 6 0
4 3 3 2 2 1
10 4 6 0 0 1
0 0 0 0 0 0
0 0 0 0 0 0
17 14 14 5 2 2
15 8 3 3 1 2
7 5 5 0 1 2
4 3 1 0 3 3
57 35 29 10 13 9
0 2 1 0 2 0
13 4 4 1 5 2
13 5 6 2 1 1
0 0 0 0 0 0
0 0 0 0 0 0
17 14 14 5 2 2
15 8 3 3 1 2
7 5 5 0 1 2
4 3 1 0 3 3
57 35 29 10 13 9
0 2 1 0 2 0
13 4 4 1 5 2
13 5 6 2 1 1
0 0 0 0 0 0
0 0 0 0 0 0
20 13 4 6 3 3
15 6 7 6 3 2
60 22 22 14 7 5
15 12 9 3 0 1
10 6 6 1 0 1
0 0 0 0 0 0
0 0 0 0 0 0
15 6 7 6 3 2
60 22 22 14 7 5
15 12 9 3 0 1
10 6 6 1 0 1
0 0 0 0 0 0
0 0 0 0 0 0
24 10 9 12 3 3
12 4 3 0 3 0
9 3 2 2 0 0
0 0 0 0 0 0
0 0 0 0 0 0
6 3 2 2 2 0
8 2 2 3 1 0
0 0 0 0 0 0
0 0 0 0 0 0
11 2 5 4 4 2
17 7 8 8 2 4
13 6 7 2 2 0
0 0 0 0 0 0
0 0 0 0 0 0
11 2 5 4 4 2
17 7 8 8 2 4
13 6 7 2 2 0
0 0 0 0 0 0
0 0 0 0 0 0
17 15 8 8 5 4
10 7 3 2 0 1
0 0 0 0 0 0
0 0 0 0 0 0
137 96 53 27 21 11
0 0 0 0 0 0
0 0 0 0 0 0
33 23 22 12 7 5
10 3 6 1 1 0
9 10 3 4 1 1
1 1 3 2 0 0
10 7 7 1 2 0
32 19 9 8 4 3
3 3 3 0 1 2
12 7 6 3 2 0
10 4 7 1 1 3
8 3 3 3 1 0
7 1 2 0 0 0
13 5 2 1 0 3
8 1 2 0 2 2
0 0 0 0 0 0
0 0 0 0 0 0
33 23 22 12 7 5
10 3 6 1 1 0
9 10 3 4 1 1
1 1 3 2 0 0
10 7 7 1 2 0
32 19 9 8 4 3
3 3 3 0 1 2
12 7 6 3 2 0
10 4 7 1 1 3
8 3 3 3 1 0
7 1 2 0 0 0
13 5 2 1 0 3
8 1 1 0 1 3
0 0 0 0 0 0
0 0 0 0 0 0
33 23 22 12 7 5
10 3 6 1 1 0
9 10 3 4 1 1
1 1 3 2 0 0
10 7 7 1 2 0
32 19 9 8 4 3
3 3 3 0 1 1
12 7 6 3 2 0
10 4 7 1 1 3
8 3 3 3 1 0
7 1 2 0 0 0
13 5 2 1 0 3
8 1 2 0 2 2
0 0 0 0 0 0
0 0 0 0 0 0
19 12 4 3 6 4
7 6 4 1 1 2
73 43 24 9 10 9
0 0 0 0 0 0
0 0 0 0 0 0
24 18 14 6 7 2
5 6 6 3 2 4
7 3 3 3 0 1
8 6 4 2 2 1
0 0 0 0 0 0
0 0 0 0 0 0
20 9 7 2 4 5
7 1 2 4 2 1
0 0 0 0 0 0
0 0 0 0 0 0
45 14 9 7 8 2
5 5 2 2 2 1
3 0 1 0 1 0
0 0 0 0 0 0
0 0 0 0 0 0
30 17 20 6 1 1
0 0 0 0 0 0
0 0 0 0 0 0
74 54 23 21 15 6
0 0 0 0 0 0
0 0 0 0 0 0
9 3 2 0 0 2
4 5 5 0 3 2
0 0 0 0 0 0
0 0 0 0 0 0
13 11 9 1 10 1
6 4 0 4 1 1
7 7 3 2 2 2
14 3 3 4 1 2
8 3 2 3 0 1
8 8 5 3 1 1
0 0 0 0 0 0
0 0 0 0 0 0
26 19 9 10 12 4
0 0 0 0 0 0
0 0 0 0 0 0
47 17 34 18 6 9
26 22 8 6 4 10
0 0 0 0 0 0
0 0 0 0 0 0
17 7 3 2 2 1
0 0 0 0 0 0
0 0 0 0 0 0
18 6 5 4 3 2
0 0 0 0 0 0
0 0 0 0 0 0
17 4 13 0 2 1
96 57 26 23 13 15
70 26 11 13 9 3
16 4 4 4 2 0
4 3 3 2 2 0
4 4 6 1 1 1
3 1 2 1 3 2
3 1 5 3 3 1
5 1 0 1 0 2
7 4 2 3 1 0
6 4 2 2 1 2
12 2 7 2 2 1
7 5 4 2 0 2
14 2 6 5 3 1
9 8 5 5 2 0
0 3 3 1 1 2
9 9 3 0 0 3
9 3 4 1 3 2
9 4 1 1 4 0
5 6 7 4 2 1
9 5 1 1 2 1
4 2 2 1 1 2
10 4 1 3 1 5
0 0 0 0 0 0
0 0 0 0 0 0
8 0 6 0 1 1
7 4 2 7 2 1
16 16 5 3 2 3
6 6 3 4 1 1
11 5 4 3 1 2
1 4 2 0 1 2
0 0 0 0 0 0
0 0 0 0 0 0
6 6 3 4 2 1
8 2 8 3 0 0
71 31 18 18 6 8
4 2 1 0 1 1
3 3 1 6 0 1
11 3 4 5 4 1
0 0 0 0 0 0
0 0 0 0 0 0
9 1 8 5 2 1
4 5 2 4 1 1
0 0 0 0 0 0
0 0 0 0 0 0
1 1 2 1 2 1
8 2 1 1 5 4
6 0 3 3 1 1
3 2 0 2 1 1
8 2 4 0 1 1
15 5 3 1 0 0
29 29 14 15 8 7
11 13 9 3 2 0
13 13 9 3 3 2
0 0 0 0 0 0
0 0 0 0 0 0
10 6 5 1 3 2
10 5 1 2 2 0
0 0 0 0 0 0
