0 0 0 0 0 0
4 0 0 2 3 3
6 4 3 1 4 2
2 5 4 1 3 1
2 0 1 1 0 0
3 2 0 1 2 2
0 0 0 0 0 0
0 0 0 0 0 0
4 0 0 1 0 0
6 1 1 1 0 1
8 8 4 3 4 4
3 4 5 1 2 0
0 0 0 0 0 0
0 0 0 0 0 0
5 0 2 1 2 0
1 1 4 0 1 3
1 1 1 4 1 3
2 1 0 0 2 1
3 1 0 1 0 2
3 3 0 2 0 1
1 1 0 2 1 0
2 1 1 0 2 0
2 2 3 4 0 1
2 4 2 3 3 0
3 3 0 2 1 0
3 1 4 0 2 3
3 3 1 4 0 0
10 8 4 6 1 3
1 0 0 0 0 0
2 1 2 0 1 0
2 1 0 3 0 1
3 0 1 4 1 0
8 4 1 2 0 0
0 0 0 0 0 0
0 0 0 0 0 0
12 6 4 9 9 5
2 0 0 1 0 0
2 1 2 2 0 0
2 1 1 3 0 0
1 1 1 0 0 0
4 1 1 1 2 1
1 1 0 0 0 1
2 0 0 2 0 2
0 0 0 0 0 0
0 0 0 0 0 0
4 5 6 3 3 1
8 9 4 2 2 2
5 5 3 3 3 0
4 6 2 4 2 0
23 14 17 15 8 6
4 2 0 2 1 0
1 1 4 4 0 2
4 1 1 0 0 1
0 0 0 0 0 0
0 0 0 0 0 0
4 5 6 3 3 1
8 9 4 2 2 2
5 5 3 3 3 0
4 6 2 4 2 0
23 14 17 15 8 6
4 2 0 2 1 0
1 1 4 4 0 2
4 1 1 0 0 1
0 0 0 0 0 0
0 0 0 0 0 0
2 2 4 5 2 1
4 0 1 3 0 0
6 3 4 5 4 2
4 2 0 3 1 0
3 0 0 0 1 0
0 0 0 0 0 0
0 0 0 0 0 0
4 0 1 3 0 0
6 3 4 5 4 2
4 2 0 3 1 0
3 0 0 0 1 0
0 0 0 0 0 0
0 0 0 0 0 0
6 8 5 3 8 1
5 5 4 2 3 0
3 1 1 2 1 0
0 0 0 0 0 0
0 0 0 0 0 0
2 2 2 1 2 1
3 0 3 1 1 0
0 0 0 0 0 0
0 0 0 0 0 0
6 1 2 3 2 6
12 5 3 8 10 5
2 1 2 1 2 2
0 0 0 0 0 0
0 0 0 0 0 0
6 1 2 3 2 6
12 5 3 8 10 5
2 1 2 1 2 2
0 0 0 0 0 0
0 0 0 0 0 0
10 5 3 3 7 3
3 1 1 3 1 0
0 0 0 0 0 0
0 0 0 0 0 0
32 25 26 16 19 21
0 0 0 0 0 0
0 0 0 0 0 0
13 7 12 15 12 10
2 3 1 1 1 0
2 1 0 1 0 0
1 2 2 0 0 2
2 1 2 2 2 0
8 2 8 0 7 1
2 2 1 1 0 0
1 5 4 4 2 4
3 2 2 1 1 1
2 0 3 3 3 0
1 1 2 2 1 3
7 0 1 4 2 3
6 2 1 4 4 0
0 0 0 0 0 0
0 0 0 0 0 0
13 7 12 15 12 10
2 3 1 1 1 0
2 1 0 1 0 0
1 2 2 0 0 2
2 1 2 2 2 0
8 2 8 0 7 1
2 2 1 1 0 0
1 5 4 4 2 4
3 2 2 1 1 1
2 0 3 3 3 0
1 1 2 2 1 3
7 0 1 4 2 3
5 1 1 3 3 0
0 0 0 0 0 0
0 0 0 0 0 0
13 7 12 15 12 10
2 3 1 1 1 0
2 1 0 1 0 0
1 2 2 0 0 2
2 1 2 2 2 0
8 2 8 0 7 1
2 1 1 0 0 0
1 5 4 4 2 4
3 2 2 1 1 1
2 0 3 3 3 0
1 1 2 2 1 3
7 0 1 4 2 3
6 2 1 4 4 0
0 0 0 0 0 0
0 0 0 0 0 0
5 4 4 3 1 2
2 0 0 1 0 1
16 15 20 6 6 8
0 0 0 0 0 0
0 0 0 0 0 0
20 11 16 13 4 4
4 2 1 2 3 0
7 2 4 5 0 0
1 0 0 0 0 0
0 0 0 0 0 0
0 0 0 0 0 0
4 5 3 0 5 2
4 4 1 2 2 1
0 0 0 0 0 0
0 0 0 0 0 0
6 8 4 3 4 3
7 4 0 4 3 0
4 3 1 1 1 0
0 0 0 0 0 0
0 0 0 0 0 0
4 1 1 4 3 1
0 0 0 0 0 0
0 0 0 0 0 0
20 7 8 7 12 10
0 0 0 0 0 0
0 0 0 0 0 0
2 4 0 3 1 1
9 5 6 4 1 0
0 0 0 0 0 0
0 0 0 0 0 0
7 7 10 4 2 1
2 2 3 0 1 0
3 0 2 3 1 5
1 2 0 4 3 1
3 0 0 1 0 0
2 3 2 2 1 1
0 0 0 0 0 0
0 0 0 0 0 0
10 3 12 5 4 4
0 0 0 0 0 0
0 0 0 0 0 0
26 16 17 18 18 14
5 8 4 2 2 6
0 0 0 0 0 0
0 0 0 0 0 0
1 1 1 0 2 1
0 0 0 0 0 0
0 0 0 0 0 0
5 6 7 3 5 3
0 0 0 0 0 0
0 0 0 0 0 0
3 1 3 0 0 2
11 14 9 12 6 6
11 14 5 7 5 4
2 6 8 2 1 1
3 0 1 3 3 2
3 2 2 1 0 4
2 2 1 3 1 2
5 4 3 2 1 2
4 3 1 1 1 0
1 3 2 0 1 1
1 2 1 0 0 1
3 3 5 1 0 1
3 2 2 1 0 0
1 2 2 3 0 1
4 0 0 2 2 2
1 1 1 0 3 2
2 2 0 3 0 1
4 2 2 5 3 1
3 0 1 2 2 1
2 0 0 2 1 0
2 2 3 3 1 1
4 2 4 2 0 0
2 0 2 1 1 0
0 0 0 0 0 0
0 0 0 0 0 0
2 0 1 1 1 2
3 2 1 1 1 1
2 2 6 2 2 1
3 0 3 2 2 1
2 2 2 0 0 1
6 0 0 1 2 2
0 0 0 0 0 0
0 0 0 0 0 0
1 1 3 2 0 1
1 6 4 2 3 0
24 10 13 8 8 8
3 0 0 0 1 1
2 2 4 1 2 3
1 5 3 1 4 1
0 0 0 0 0 0
0 0 0 0 0 0
3 0 0 2 1 1
1 3 3 4 1 0
0 0 0 0 0 0
0 0 0 0 0 0
2 3 3 0 0 1
2 0 1 0 0 3
4 0 1 1 1 2
1 3 3 1 0 0
2 1 1 2 3 2
3 5 2 1 0 1
9 19 4 4 5 7
2 2 2 3 0 1
2 0 1 1 0 0
0 0 0 0 0 0
0 0 0 0 0 0
5 3 4 2 0 0
4 1 1 3 3 0
0 0 0 0 0 0
