0 0 0 0 0 0
28 3 3 4 1 2
29 34 11 6 3 1
15 9 6 4 2 0
13 9 3 3 1 0
11 7 4 5 3 2
0 0 0 0 0 0
0 0 0 0 0 0
24 15 3 3 3 1
33 10 4 4 1 0
42 30 9 7 2 7
14 10 8 1 2 1
0 0 0 0 0 0
0 0 0 0 0 0
20 9 6 2 0 0
28 10 5 2 1 0
14 11 2 0 2 4
17 10 6 3 1 0
15 8 3 2 2 2
15 12 1 1 2 2
25 14 7 0 1 0
12 6 6 4 1 0
12 11 8 2 2 1
19 15 4 3 1 1
15 8 4 3 3 1
15 11 2 4 2 2
19 11 3 0 3 0
38 34 12 6 7 2
20 7 2 2 1 2
16 20 5 0 0 1
18 8 2 1 1 0
23 8 8 5 1 1
16 5 2 3 3 0
0 0 0 0 0 0
0 0 0 0 0 0
60 31 21 22 6 4
12 12 9 4 0 1
19 13 5 3 0 0
16 9 2 4 0 0
21 20 3 1 1 0
24 12 7 4 2 1
17 14 7 3 0 0
16 11 1 3 1 2
0 0 0 0 0 0
0 0 0 0 0 0
17 15 9 6 4 4
29 15 8 7 2 2
26 9 6 1 4 1
34 17 6 1 2 1
93 49 25 25 22 10
23 14 8 0 1 0
12 7 4 4 1 0
7 6 2 1 0 2
0 0 0 0 0 0
0 0 0 0 0 0
17 15 9 6 4 4
29 15 8 7 2 2
26 9 6 1 4 1
34 17 6 1 2 1
93 49 25 25 22 10
23 14 8 0 1 0
12 7 4 4 1 0
7 6 2 1 0 2
0 0 0 0 0 0
0 0 0 0 0 0
19 18 6 2 1 4
31 14 11 4 2 1
62 34 20 12 8 4
27 15 5 4 2 1
11 10 4 1 1 3
0 0 0 0 0 0
0 0 0 0 0 0
31 14 11 4 2 1
62 34 20 12 8 4
27 15 5 4 2 1
11 10 4 1 1 3
0 0 0 0 0 0
0 0 0 0 0 0
31 12 16 8 2 6
11 11 4 2 1 0
12 11 4 3 0 1
0 0 0 0 0 0
0 0 0 0 0 0
17 8 6 1 4 1
20 9 7 2 1 1
0 0 0 0 0 0
0 0 0 0 0 0
37 16 13 5 3 0
47 31 18 7 2 3
7 6 6 3 2 0
0 0 0 0 0 0
0 0 0 0 0 0
37 16 13 5 3 0
47 31 18 7 2 3
7 6 6 3 2 0
0 0 0 0 0 0
0 0 0 0 0 0
64 33 17 12 10 2
10 9 5 1 3 0
0 0 0 0 0 0
0 0 0 0 0 0
203 120 64 34 24 16
0 0 0 0 0 0
0 0 0 0 0 0
79 46 29 11 9 5
14 9 5 4 1 0
18 22 4 5 2 0
30 20 6 0 3 0
17 12 3 4 2 2
30 27 10 7 3 0
13 15 8 3 1 0
7 9 4 5 3 2
13 14 7 4 0 1
21 11 4 4 2 0
21 17 3 2 2 1
16 6 8 5 1 0
22 11 7 4 2 0
0 0 0 0 0 0
0 0 0 0 0 0
79 46 29 11 9 5
14 9 5 4 1 0
18 22 4 5 2 0
30 20 6 0 3 0
17 12 3 4 2 2
30 27 10 7 3 0
13 15 8 3 1 0
7 9 4 5 3 2
13 14 7 4 0 1
21 11 4 4 2 0
21 17 3 2 2 1
16 6 8 5 1 0
21 9 6 3 2 0
0 0 0 0 0 0
0 0 0 0 0 0
79 46 29 11 9 5
14 9 5 4 1 0
18 22 4 5 2 0
30 20 6 0 3 0
17 12 3 4 2 2
30 27 10 7 3 0
13 14 8 2 1 0
7 9 4 5 3 2
13 14 7 4 0 1
21 11 4 4 2 0
21 17 3 2 2 1
16 6 8 5 1 0
22 11 7 4 2 0
0 0 0 0 0 0
0 0 0 0 0 0
46 23 12 7 3 0
16 7 1 2 3 0
66 38 29 12 6 11
0 0 0 0 0 0
0 0 0 0 0 0
66 33 31 12 5 7
21 22 7 3 3 0
16 11 6 2 1 2
12 10 4 6 0 0
0 0 0 0 0 0
0 0 0 0 0 0
40 18 14 12 3 2
16 12 4 0 1 3
0 0 0 0 0 0
0 0 0 0 0 0
53 19 13 8 6 3
7 3 8 3 4 1
7 3 2 1 1 0
0 0 0 0 0 0
0 0 0 0 0 0
31 17 9 13 6 3
0 0 0 0 0 0
0 0 0 0 0 0
141 75 31 27 21 6
0 0 0 0 0 0
0 0 0 0 0 0
20 9 3 3 2 1
30 17 6 4 3 2
0 0 0 0 0 0
0 0 0 0 0 0
27 24 15 6 6 2
15 6 4 2 0 0
21 12 5 5 1 1
13 13 7 1 1 1
13 7 2 2 0 2
15 6 2 3 0 0
0 0 0 0 0 0
0 0 0 0 0 0
72 38 27 13 7 5
0 0 0 0 0 0
0 0 0 0 0 0
114 51 33 37 17 8
39 39 11 10 5 2
0 0 0 0 0 0
0 0 0 0 0 0
10 7 4 6 1 0
0 0 0 0 0 0
0 0 0 0 0 0
39 20 13 7 0 0
0 0 0 0 0 0
0 0 0 0 0 0
15 10 7 5 2 1
157 87 37 20 17 7
57 27 21 13 11 7
26 13 5 3 3 0
14 9 6 4 2 0
18 9 6 2 0 1
17 13 6 2 0 1
14 10 3 5 1 1
26 9 4 4 1 1
25 12 8 1 1 0
15 9 5 2 1 2
13 11 5 3 1 1
16 8 4 4 1 2
18 10 8 4 2 0
8 11 3 2 0 1
29 15 7 2 1 0
12 15 3 1 0 2
19 10 5 5 0 2
21 7 6 1 1 1
12 14 7 2 0 1
25 14 7 5 0 0
16 10 6 1 1 2
13 13 2 3 3 0
0 0 0 0 0 0
0 0 0 0 0 0
16 6 6 6 0 1
13 10 2 6 2 1
22 17 3 4 2 5
15 9 7 4 3 0
10 9 2 2 2 2
14 10 1 5 2 0
0 0 0 0 0 0
0 0 0 0 0 0
25 15 9 3 3 1
16 9 6 0 0 3
69 32 29 12 13 8
27 12 4 1 3 0
4 15 4 1 4 1
24 12 2 7 1 1
0 0 0 0 0 0
0 0 0 0 0 0
31 8 7 4 4 3
12 9 4 0 1 1
0 0 0 0 0 0
0 0 0 0 0 0
15 9 6 2 3 1
31 11 3 5 2 1
19 11 3 1 3 1
27 13 1 2 3 0
19 6 6 0 4 1
12 12 4 2 0 2
45 26 22 11 5 6
14 10 7 2 3 4
20 16 7 6 2 1
0 0 0 0 0 0
0 0 0 0 0 0
20 9 8 3 6 0
31 12 6 2 1 1
0 0 0 0 0 0
