0 0 0 0 0 0
1 0 0 0 0 1
3 5 4 2 2 2
2 2 1 1 4 1
1 7 2 0 0 3
1 5 3 1 2 2
0 0 0 0 0 0
0 0 0 0 0 0
3 1 3 0 0 1
5 1 1 3 0 2
5 4 1 7 4 6
3 1 3 3 2 1
0 0 0 0 0 0
0 0 0 0 0 0
3 1 0 2 0 1
1 1 4 1 2 1
1 2 0 2 2 0
0 0 2 1 0 0
2 3 0 1 2 1
2 2 1 0 1 1
1 1 1 3 0 2
1 1 3 2 3 0
5 6 1 0 2 0
1 0 0 2 1 1
2 2 0 2 0 0
2 3 0 0 0 1
2 1 2 1 2 1
5 4 12 4 7 5
1 2 1 1 2 1
0 0 0 1 1 0
0 1 0 0 0 1
1 2 0 3 2 1
0 0 1 0 2 0
0 0 0 0 0 0
0 0 0 0 0 0
7 7 9 6 6 3
0 0 1 4 1 2
1 2 1 0 2 0
0 3 1 2 0 1
3 3 0 3 1 0
3 5 0 2 2 2
5 5 3 1 1 3
5 4 2 2 1 4
0 0 0 0 0 0
0 0 0 0 0 0
1 2 1 1 1 3
1 8 4 1 2 1
0 0 2 1 0 0
3 3 2 0 2 1
23 18 16 14 12 8
1 1 3 1 1 0
1 0 1 2 1 1
1 1 1 2 0 1
0 0 0 0 0 0
0 0 0 0 0 0
1 2 1 1 1 3
1 8 4 1 2 1
0 0 2 1 0 0
3 3 2 0 2 1
23 18 16 14 12 8
1 1 3 1 1 0
1 0 1 2 1 1
1 1 1 2 0 1
0 0 0 0 0 0
0 0 0 0 0 0
1 1 0 2 0 0
3 2 1 1 1 2
9 8 10 4 8 5
0 0 1 1 1 0
0 2 4 1 3 0
0 0 0 0 0 0
0 0 0 0 0 0
3 2 1 1 1 2
9 8 10 4 8 5
0 0 1 1 1 0
0 2 4 1 3 0
0 0 0 0 0 0
0 0 0 0 0 0
5 3 5 3 7 0
3 0 1 2 1 0
1 5 4 3 0 3
0 0 0 0 0 0
0 0 0 0 0 0
3 5 3 1 0 0
2 1 7 0 0 1
0 0 0 0 0 0
0 0 0 0 0 0
2 2 4 1 2 1
3 2 1 2 5 3
0 1 2 2 0 1
0 0 0 0 0 0
0 0 0 0 0 0
2 2 4 1 2 1
3 2 1 2 5 3
0 1 2 2 0 1
0 0 0 0 0 0
0 0 0 0 0 0
6 3 1 6 4 3
1 0 2 0 2 0
0 0 0 0 0 0
0 0 0 0 0 0
19 36 39 18 14 14
0 0 0 0 0 0
0 0 0 0 0 0
4 6 1 1 3 1
1 2 1 2 2 0
2 8 3 4 1 1
2 2 4 2 1 1
2 1 0 0 2 0
2 2 6 4 1 5
2 4 5 1 3 1
3 1 2 2 1 1
6 6 4 0 1 2
0 0 1 3 0 1
0 1 10 0 1 0
1 1 0 0 2 1
2 2 3 0 1 2
0 0 0 0 0 0
0 0 0 0 0 0
4 6 1 1 3 1
1 2 1 2 2 0
2 8 3 4 1 1
2 2 4 2 1 1
2 1 0 0 2 0
2 2 6 4 1 5
2 4 5 1 3 1
3 1 2 2 1 1
6 6 4 0 1 2
0 0 1 3 0 1
0 1 10 0 1 0
1 1 0 0 2 1
2 2 3 0 1 2
0 0 0 0 0 0
0 0 0 0 0 0
4 6 1 1 3 1
1 2 1 2 2 0
2 8 3 4 1 1
2 2 4 2 1 1
2 1 0 0 2 0
2 2 6 4 1 5
2 4 5 0 3 1
3 1 2 2 1 1
6 6 4 0 1 2
0 0 1 3 0 1
0 1 10 0 1 0
1 1 0 0 2 1
2 2 3 0 1 2
0 0 0 0 0 0
0 0 0 0 0 0
5 7 2 2 1 1
2 4 0 0 0 1
21 11 8 3 7 5
0 0 0 0 0 0
0 0 0 0 0 0
10 16 9 8 4 6
2 4 2 2 1 1
0 2 0 3 0 1
1 4 1 3 5 0
0 0 0 0 0 0
0 0 0 0 0 0
6 3 5 3 1 3
0 2 2 1 0 1
0 0 0 0 0 0
0 0 0 0 0 0
7 0 3 0 2 3
5 3 1 0 0 0
0 0 0 0 0 0
0 0 0 0 0 0
0 0 0 0 0 0
3 2 3 2 2 0
0 0 0 0 0 0
0 0 0 0 0 0
7 12 6 9 4 10
0 0 0 0 0 0
0 0 0 0 0 0
4 3 0 2 1 0
0 6 3 3 1 0
0 0 0 0 0 0
0 0 0 0 0 0
1 3 3 1 2 3
1 0 1 1 0 1
2 2 4 1 1 3
0 1 1 2 5 0
5 4 1 2 0 1
2 2 2 1 0 1
0 0 0 0 0 0
0 0 0 0 0 0
13 8 8 9 10 3
0 0 0 0 0 0
0 0 0 0 0 0
7 7 11 7 5 7
8 13 4 3 4 8
0 0 0 0 0 0
0 0 0 0 0 0
0 1 1 1 1 0
0 0 0 0 0 0
0 0 0 0 0 0
1 6 2 2 0 2
0 0 0 0 0 0
0 0 0 0 0 0
5 3 4 2 2 2
10 10 7 2 9 6
9 4 2 3 2 5
8 8 7 1 6 1
7 3 2 1 0 3
1 3 0 0 0 1
0 0 0 1 0 1
0 1 0 1 0 0
6 2 3 0 0 1
0 1 1 2 0 1
1 3 3 1 0 0
0 1 0 1 1 0
2 1 1 1 3 0
2 1 0 1 0 0
1 0 1 3 2 1
4 4 6 1 1 1
1 0 1 1 0 0
2 4 2 1 1 0
2 1 0 1 2 0
2 0 3 4 0 0
4 2 2 2 2 0
2 2 0 0 0 0
0 4 2 0 1 4
0 0 0 0 0 0
0 0 0 0 0 0
1 1 1 1 2 2
0 0 0 1 1 2
2 5 2 4 1 2
2 6 2 0 2 3
4 3 1 2 1 3
3 3 4 2 2 1
0 0 0 0 0 0
0 0 0 0 0 0
1 3 5 2 4 4
0 1 1 1 1 1
18 16 13 14 4 4
3 1 4 0 0 1
4 14 1 2 2 1
12 5 4 4 0 2
0 0 0 0 0 0
0 0 0 0 0 0
14 5 5 2 2 3
0 2 1 1 1 1
0 0 0 0 0 0
0 0 0 0 0 0
3 9 2 1 4 2
4 1 2 2 2 0
3 0 4 2 0 1
2 2 3 0 1 0
1 1 3 1 1 0
4 2 1 1 2 0
13 10 7 5 6 3
7 4 4 4 2 2
2 3 1 3 2 1
0 0 0 0 0 0
0 0 0 0 0 0
3 6 2 2 2 2
1 1 0 1 1 1
0 0 0 0 0 0
